(kicad_pcb (version 20171130) (host pcbnew "(5.1.0)-1")

  (general
    (thickness 1.6)
    (drawings 13)
    (tracks 1789)
    (zones 0)
    (modules 160)
    (nets 127)
  )

  (page A4)
  (title_block
    (date 2017-01-29)
  )

  (layers
    (0 F.Cu signal)
    (1 In1.Cu signal)
    (2 In2.Cu power)
    (31 B.Cu signal)
    (33 F.Adhes user)
    (35 F.Paste user)
    (36 B.SilkS user)
    (37 F.SilkS user)
    (38 B.Mask user)
    (39 F.Mask user)
    (40 Dwgs.User user)
    (41 Cmts.User user)
    (42 Eco1.User user)
    (43 Eco2.User user)
    (44 Edge.Cuts user)
    (45 Margin user)
    (47 F.CrtYd user)
    (49 F.Fab user hide)
  )

  (setup
    (last_trace_width 0.25)
    (user_trace_width 0.15)
    (user_trace_width 0.2)
    (user_trace_width 0.35)
    (user_trace_width 0.4)
    (user_trace_width 0.6)
    (user_trace_width 0.8)
    (trace_clearance 0.15)
    (zone_clearance 0.2)
    (zone_45_only no)
    (trace_min 0.15)
    (via_size 0.6)
    (via_drill 0.3)
    (via_min_size 0.3)
    (via_min_drill 0.2)
    (user_via 0.4 0.2)
    (user_via 0.6 0.3)
    (uvia_size 0.3)
    (uvia_drill 0.1)
    (uvias_allowed no)
    (uvia_min_size 0.2)
    (uvia_min_drill 0.1)
    (edge_width 0.1)
    (segment_width 0.2)
    (pcb_text_width 0.3)
    (pcb_text_size 1 1)
    (mod_edge_width 0.15)
    (mod_text_size 0.75 0.75)
    (mod_text_width 0.125)
    (pad_size 0.7 4.2)
    (pad_drill 0)
    (pad_to_mask_clearance 0)
    (aux_axis_origin 0 0)
    (visible_elements 7FFFFFFF)
    (pcbplotparams
      (layerselection 0x010f8_ffffffff)
      (usegerberextensions true)
      (usegerberattributes false)
      (usegerberadvancedattributes false)
      (creategerberjobfile false)
      (excludeedgelayer true)
      (linewidth 0.100000)
      (plotframeref false)
      (viasonmask false)
      (mode 1)
      (useauxorigin false)
      (hpglpennumber 1)
      (hpglpenspeed 20)
      (hpglpendiameter 15.000000)
      (psnegative false)
      (psa4output false)
      (plotreference true)
      (plotvalue true)
      (plotinvisibletext false)
      (padsonsilk false)
      (subtractmaskfromsilk false)
      (outputformat 1)
      (mirror false)
      (drillshape 0)
      (scaleselection 1)
      (outputdirectory "Gerbers/"))
  )

  (net 0 "")
  (net 1 "/Tayoe Mixer sheet/DC_BIAS")
  (net 2 "/Tayoe Mixer sheet/RF_B")
  (net 3 "/Tayoe Mixer sheet/RF_A")
  (net 4 GND)
  (net 5 "/Tayoe Mixer sheet/RF_BUFFERED")
  (net 6 "/Tayoe Mixer sheet/LO_IN_B")
  (net 7 "/Tayoe Mixer sheet/LO_IN_A")
  (net 8 +1V8)
  (net 9 "Net-(R6-Pad2)")
  (net 10 "Net-(C7-Pad1)")
  (net 11 /JTAGConn58895F8D/SWDIO)
  (net 12 /JTAGConn58895F8D/SWCLK)
  (net 13 /JTAGConn58895F8D/MCU_RESET)
  (net 14 "Net-(C33-Pad2)")
  (net 15 "Net-(C33-Pad1)")
  (net 16 "Net-(IC2-Pad24)")
  (net 17 VAA)
  (net 18 /AD9954sheet/IOUT+)
  (net 19 /AD9954sheet/IOUT-)
  (net 20 "Net-(R12-Pad1)")
  (net 21 "Net-(R11-Pad1)")
  (net 22 +5V)
  (net 23 "Net-(C8-Pad1)")
  (net 24 "Net-(R10-Pad1)")
  (net 25 "Net-(R5-Pad2)")
  (net 26 /ROT_A)
  (net 27 "Net-(C19-Pad1)")
  (net 28 "Net-(IC2-Pad12)")
  (net 29 "/Tayoe Mixer sheet/Q_OUT")
  (net 30 "/Tayoe Mixer sheet/270_deg")
  (net 31 "Net-(R33-Pad1)")
  (net 32 /ROT_B)
  (net 33 "Net-(C46-Pad2)")
  (net 34 "Net-(R21-Pad2)")
  (net 35 "Net-(C45-Pad2)")
  (net 36 "Net-(R24-Pad2)")
  (net 37 "Net-(C51-Pad1)")
  (net 38 "/Tayoe Mixer sheet/I_OUT")
  (net 39 "/Tayoe Mixer sheet/180_deg")
  (net 40 "Net-(C6-Pad1)")
  (net 41 "Net-(L8-Pad1)")
  (net 42 "Net-(C35-Pad2)")
  (net 43 "Net-(C38-Pad2)")
  (net 44 "Net-(C34-Pad2)")
  (net 45 "Net-(C37-Pad2)")
  (net 46 /UART_TX)
  (net 47 /AD9954sheet/COMP_OUT)
  (net 48 /VDDCORE)
  (net 49 "Net-(C20-Pad2)")
  (net 50 "Net-(C31-Pad1)")
  (net 51 "Net-(C2-Pad1)")
  (net 52 /DDS_RESET)
  (net 53 "Net-(C1-Pad1)")
  (net 54 "Net-(C21-Pad1)")
  (net 55 /VDDANA)
  (net 56 +12V)
  (net 57 "/Tayoe Mixer sheet/0_deg")
  (net 58 "/Tayoe Mixer sheet/90_deg")
  (net 59 /UART_RX)
  (net 60 "Net-(IC3-Pad2)")
  (net 61 "Net-(IC3-Pad12)")
  (net 62 /CLKMODESEL)
  (net 63 /IOUPDATE)
  (net 64 /IOSYNC)
  (net 65 /PWRDWNCTL)
  (net 66 /PS1)
  (net 67 /PS0)
  (net 68 /OSK)
  (net 69 /SYNC_IN)
  (net 70 /SDIO)
  (net 71 /SCLK)
  (net 72 /~CS)
  (net 73 /SDO)
  (net 74 /BTN1)
  (net 75 "Net-(IC1-Pad23)")
  (net 76 /LCD_D7)
  (net 77 /LCD_D6)
  (net 78 /LCD_D5)
  (net 79 /LCD_D4)
  (net 80 /LCD_EN)
  (net 81 /LCD_RW)
  (net 82 /LCD_RS)
  (net 83 "Net-(IC1-Pad31)")
  (net 84 /BTN2)
  (net 85 /BTN3)
  (net 86 "Net-(IC1-Pad39)")
  (net 87 "Net-(IC1-Pad41)")
  (net 88 /AD9954sheet/CRYSTAL_OUT)
  (net 89 /AD9954sheet/SYNC_CLK)
  (net 90 "/Tayoe Mixer sheet/RF_IN_A")
  (net 91 "Net-(U2-Pad4)")
  (net 92 "Net-(U2-Pad5)")
  (net 93 "Net-(U2-Pad6)")
  (net 94 "Net-(U2-Pad7)")
  (net 95 "Net-(U2-Pad8)")
  (net 96 "Net-(U2-Pad9)")
  (net 97 "Net-(U2-Pad10)")
  (net 98 "Net-(U2-Pad11)")
  (net 99 "Net-(U2-Pad12)")
  (net 100 "Net-(U2-Pad13)")
  (net 101 "Net-(U2-Pad14)")
  (net 102 "Net-(U3-Pad9)")
  (net 103 "Net-(U3-Pad12)")
  (net 104 "Net-(U12-Pad4)")
  (net 105 "Net-(U11-Pad4)")
  (net 106 "Net-(U4-Pad4)")
  (net 107 +3V3)
  (net 108 "Net-(FL1-Pad4)")
  (net 109 "Net-(FL1-Pad3)")
  (net 110 "Net-(J1-Pad5)")
  (net 111 /USB_VCC)
  (net 112 /USB_D-)
  (net 113 /USB_D+)
  (net 114 "Net-(J3-PadA2)")
  (net 115 "Net-(J3-PadA3)")
  (net 116 "Net-(J3-PadA5)")
  (net 117 "Net-(C55-Pad1)")
  (net 118 "Net-(J3-PadA8)")
  (net 119 "Net-(J3-PadA11)")
  (net 120 "Net-(J3-PadA10)")
  (net 121 "Net-(J3-PadB11)")
  (net 122 "Net-(J3-PadB10)")
  (net 123 "Net-(J3-PadB5)")
  (net 124 "Net-(J3-PadB8)")
  (net 125 "Net-(J3-PadB3)")
  (net 126 "Net-(J3-PadB2)")

  (net_class Default "This is the default net class."
    (clearance 0.15)
    (trace_width 0.25)
    (via_dia 0.6)
    (via_drill 0.3)
    (uvia_dia 0.3)
    (uvia_drill 0.1)
    (add_net +12V)
    (add_net +1V8)
    (add_net +3V3)
    (add_net +5V)
    (add_net /AD9954sheet/COMP_OUT)
    (add_net /AD9954sheet/CRYSTAL_OUT)
    (add_net /AD9954sheet/IOUT+)
    (add_net /AD9954sheet/IOUT-)
    (add_net /AD9954sheet/SYNC_CLK)
    (add_net /BTN1)
    (add_net /BTN2)
    (add_net /BTN3)
    (add_net /CLKMODESEL)
    (add_net /DDS_RESET)
    (add_net /IOSYNC)
    (add_net /IOUPDATE)
    (add_net /JTAGConn58895F8D/MCU_RESET)
    (add_net /JTAGConn58895F8D/SWCLK)
    (add_net /JTAGConn58895F8D/SWDIO)
    (add_net /LCD_D4)
    (add_net /LCD_D5)
    (add_net /LCD_D6)
    (add_net /LCD_D7)
    (add_net /LCD_EN)
    (add_net /LCD_RS)
    (add_net /LCD_RW)
    (add_net /OSK)
    (add_net /PS0)
    (add_net /PS1)
    (add_net /PWRDWNCTL)
    (add_net /ROT_A)
    (add_net /ROT_B)
    (add_net /SCLK)
    (add_net /SDIO)
    (add_net /SDO)
    (add_net /SYNC_IN)
    (add_net "/Tayoe Mixer sheet/0_deg")
    (add_net "/Tayoe Mixer sheet/180_deg")
    (add_net "/Tayoe Mixer sheet/270_deg")
    (add_net "/Tayoe Mixer sheet/90_deg")
    (add_net "/Tayoe Mixer sheet/DC_BIAS")
    (add_net "/Tayoe Mixer sheet/I_OUT")
    (add_net "/Tayoe Mixer sheet/LO_IN_A")
    (add_net "/Tayoe Mixer sheet/LO_IN_B")
    (add_net "/Tayoe Mixer sheet/Q_OUT")
    (add_net "/Tayoe Mixer sheet/RF_A")
    (add_net "/Tayoe Mixer sheet/RF_B")
    (add_net "/Tayoe Mixer sheet/RF_BUFFERED")
    (add_net "/Tayoe Mixer sheet/RF_IN_A")
    (add_net /UART_RX)
    (add_net /UART_TX)
    (add_net /USB_D+)
    (add_net /USB_D-)
    (add_net /USB_VCC)
    (add_net /VDDANA)
    (add_net /VDDCORE)
    (add_net /~CS)
    (add_net GND)
    (add_net "Net-(C1-Pad1)")
    (add_net "Net-(C19-Pad1)")
    (add_net "Net-(C2-Pad1)")
    (add_net "Net-(C20-Pad2)")
    (add_net "Net-(C21-Pad1)")
    (add_net "Net-(C31-Pad1)")
    (add_net "Net-(C33-Pad1)")
    (add_net "Net-(C33-Pad2)")
    (add_net "Net-(C34-Pad2)")
    (add_net "Net-(C35-Pad2)")
    (add_net "Net-(C37-Pad2)")
    (add_net "Net-(C38-Pad2)")
    (add_net "Net-(C45-Pad2)")
    (add_net "Net-(C46-Pad2)")
    (add_net "Net-(C51-Pad1)")
    (add_net "Net-(C55-Pad1)")
    (add_net "Net-(C6-Pad1)")
    (add_net "Net-(C7-Pad1)")
    (add_net "Net-(C8-Pad1)")
    (add_net "Net-(FL1-Pad3)")
    (add_net "Net-(FL1-Pad4)")
    (add_net "Net-(IC1-Pad23)")
    (add_net "Net-(IC1-Pad31)")
    (add_net "Net-(IC1-Pad39)")
    (add_net "Net-(IC1-Pad41)")
    (add_net "Net-(IC2-Pad12)")
    (add_net "Net-(IC2-Pad24)")
    (add_net "Net-(IC3-Pad12)")
    (add_net "Net-(IC3-Pad2)")
    (add_net "Net-(J1-Pad5)")
    (add_net "Net-(J3-PadA10)")
    (add_net "Net-(J3-PadA11)")
    (add_net "Net-(J3-PadA2)")
    (add_net "Net-(J3-PadA3)")
    (add_net "Net-(J3-PadA5)")
    (add_net "Net-(J3-PadA8)")
    (add_net "Net-(J3-PadB10)")
    (add_net "Net-(J3-PadB11)")
    (add_net "Net-(J3-PadB2)")
    (add_net "Net-(J3-PadB3)")
    (add_net "Net-(J3-PadB5)")
    (add_net "Net-(J3-PadB8)")
    (add_net "Net-(L8-Pad1)")
    (add_net "Net-(R10-Pad1)")
    (add_net "Net-(R11-Pad1)")
    (add_net "Net-(R12-Pad1)")
    (add_net "Net-(R21-Pad2)")
    (add_net "Net-(R24-Pad2)")
    (add_net "Net-(R33-Pad1)")
    (add_net "Net-(R5-Pad2)")
    (add_net "Net-(R6-Pad2)")
    (add_net "Net-(U11-Pad4)")
    (add_net "Net-(U12-Pad4)")
    (add_net "Net-(U2-Pad10)")
    (add_net "Net-(U2-Pad11)")
    (add_net "Net-(U2-Pad12)")
    (add_net "Net-(U2-Pad13)")
    (add_net "Net-(U2-Pad14)")
    (add_net "Net-(U2-Pad4)")
    (add_net "Net-(U2-Pad5)")
    (add_net "Net-(U2-Pad6)")
    (add_net "Net-(U2-Pad7)")
    (add_net "Net-(U2-Pad8)")
    (add_net "Net-(U2-Pad9)")
    (add_net "Net-(U3-Pad12)")
    (add_net "Net-(U3-Pad9)")
    (add_net "Net-(U4-Pad4)")
    (add_net VAA)
  )

  (net_class PWR ""
    (clearance 0.2)
    (trace_width 0.8)
    (via_dia 0.6)
    (via_drill 0.4)
    (uvia_dia 0.3)
    (uvia_drill 0.1)
  )

  (module Capacitor_SMD:C_0603_1608Metric (layer F.Cu) (tedit 5B301BBE) (tstamp 5CAD1CB9)
    (at 88.4 74.7875 270)
    (descr "Capacitor SMD 0603 (1608 Metric), square (rectangular) end terminal, IPC_7351 nominal, (Body size source: http://www.tortai-tech.com/upload/download/2011102023233369053.pdf), generated with kicad-footprint-generator")
    (tags capacitor)
    (path /5CA514CA)
    (attr smd)
    (fp_text reference C55 (at 3.2125 -0.1 90) (layer F.SilkS)
      (effects (font (size 1 1) (thickness 0.15)))
    )
    (fp_text value C_Small (at 0 1.43 270) (layer F.Fab)
      (effects (font (size 1 1) (thickness 0.15)))
    )
    (fp_line (start -0.8 0.4) (end -0.8 -0.4) (layer F.Fab) (width 0.1))
    (fp_line (start -0.8 -0.4) (end 0.8 -0.4) (layer F.Fab) (width 0.1))
    (fp_line (start 0.8 -0.4) (end 0.8 0.4) (layer F.Fab) (width 0.1))
    (fp_line (start 0.8 0.4) (end -0.8 0.4) (layer F.Fab) (width 0.1))
    (fp_line (start -0.162779 -0.51) (end 0.162779 -0.51) (layer F.SilkS) (width 0.12))
    (fp_line (start -0.162779 0.51) (end 0.162779 0.51) (layer F.SilkS) (width 0.12))
    (fp_line (start -1.48 0.73) (end -1.48 -0.73) (layer F.CrtYd) (width 0.05))
    (fp_line (start -1.48 -0.73) (end 1.48 -0.73) (layer F.CrtYd) (width 0.05))
    (fp_line (start 1.48 -0.73) (end 1.48 0.73) (layer F.CrtYd) (width 0.05))
    (fp_line (start 1.48 0.73) (end -1.48 0.73) (layer F.CrtYd) (width 0.05))
    (fp_text user %R (at 0 0 270) (layer F.Fab)
      (effects (font (size 0.4 0.4) (thickness 0.06)))
    )
    (pad 1 smd roundrect (at -0.7875 0 270) (size 0.875 0.95) (layers F.Cu F.Paste F.Mask) (roundrect_rratio 0.25)
      (net 117 "Net-(C55-Pad1)"))
    (pad 2 smd roundrect (at 0.7875 0 270) (size 0.875 0.95) (layers F.Cu F.Paste F.Mask) (roundrect_rratio 0.25)
      (net 4 GND))
    (model ${KISYS3DMOD}/Capacitor_SMD.3dshapes/C_0603_1608Metric.wrl
      (at (xyz 0 0 0))
      (scale (xyz 1 1 1))
      (rotate (xyz 0 0 0))
    )
  )

  (module TestPoint:TestPoint_THTPad_2.0x2.0mm_Drill1.0mm (layer F.Cu) (tedit 5C953E1B) (tstamp 5CAD08FC)
    (at 108 65.5)
    (descr "THT rectangular pad as test Point, square 2.0mm_Drill1.0mm  side length, hole diameter 1.0mm")
    (tags "test point THT pad rectangle square")
    (path /5C517D7D/5C54025E)
    (attr virtual)
    (fp_text reference - (at 2.5 -0.5) (layer F.SilkS)
      (effects (font (size 1 1) (thickness 0.15)))
    )
    (fp_text value PSU- (at 0 2.05) (layer F.Fab)
      (effects (font (size 1 1) (thickness 0.15)))
    )
    (fp_line (start 1.5 1.5) (end -1.5 1.5) (layer F.CrtYd) (width 0.05))
    (fp_line (start 1.5 1.5) (end 1.5 -1.5) (layer F.CrtYd) (width 0.05))
    (fp_line (start -1.5 -1.5) (end -1.5 1.5) (layer F.CrtYd) (width 0.05))
    (fp_line (start -1.5 -1.5) (end 1.5 -1.5) (layer F.CrtYd) (width 0.05))
    (fp_line (start -1.2 1.2) (end -1.2 -1.2) (layer F.SilkS) (width 0.12))
    (fp_line (start 1.2 1.2) (end -1.2 1.2) (layer F.SilkS) (width 0.12))
    (fp_line (start 1.2 -1.2) (end 1.2 1.2) (layer F.SilkS) (width 0.12))
    (fp_line (start -1.2 -1.2) (end 1.2 -1.2) (layer F.SilkS) (width 0.12))
    (fp_text user %R (at 0 -2) (layer F.Fab)
      (effects (font (size 1 1) (thickness 0.15)))
    )
    (pad 1 thru_hole rect (at 0 0) (size 2 2) (drill 1) (layers *.Cu *.Mask)
      (net 109 "Net-(FL1-Pad3)"))
  )

  (module TestPoint:TestPoint_THTPad_2.0x2.0mm_Drill1.0mm (layer F.Cu) (tedit 5C953E11) (tstamp 5CAD08EE)
    (at 98.8 65.5)
    (descr "THT rectangular pad as test Point, square 2.0mm_Drill1.0mm  side length, hole diameter 1.0mm")
    (tags "test point THT pad rectangle square")
    (path /5C517D7D/5C540257)
    (attr virtual)
    (fp_text reference + (at -0.8 2) (layer F.SilkS)
      (effects (font (size 1 1) (thickness 0.15)))
    )
    (fp_text value PSU+ (at 0 2.05) (layer F.Fab)
      (effects (font (size 1 1) (thickness 0.15)))
    )
    (fp_text user %R (at 0 -2) (layer F.Fab)
      (effects (font (size 1 1) (thickness 0.15)))
    )
    (fp_line (start -1.2 -1.2) (end 1.2 -1.2) (layer F.SilkS) (width 0.12))
    (fp_line (start 1.2 -1.2) (end 1.2 1.2) (layer F.SilkS) (width 0.12))
    (fp_line (start 1.2 1.2) (end -1.2 1.2) (layer F.SilkS) (width 0.12))
    (fp_line (start -1.2 1.2) (end -1.2 -1.2) (layer F.SilkS) (width 0.12))
    (fp_line (start -1.5 -1.5) (end 1.5 -1.5) (layer F.CrtYd) (width 0.05))
    (fp_line (start -1.5 -1.5) (end -1.5 1.5) (layer F.CrtYd) (width 0.05))
    (fp_line (start 1.5 1.5) (end 1.5 -1.5) (layer F.CrtYd) (width 0.05))
    (fp_line (start 1.5 1.5) (end -1.5 1.5) (layer F.CrtYd) (width 0.05))
    (pad 1 thru_hole rect (at 0 0) (size 2 2) (drill 1) (layers *.Cu *.Mask)
      (net 108 "Net-(FL1-Pad4)"))
  )

  (module TestPoint:TestPoint_THTPad_2.0x2.0mm_Drill1.0mm (layer F.Cu) (tedit 5A0F774F) (tstamp 5CAD08E0)
    (at 70 89)
    (descr "THT rectangular pad as test Point, square 2.0mm_Drill1.0mm  side length, hole diameter 1.0mm")
    (tags "test point THT pad rectangle square")
    (path /5899000D)
    (attr virtual)
    (fp_text reference W1 (at 0 -1.998) (layer F.SilkS)
      (effects (font (size 1 1) (thickness 0.15)))
    )
    (fp_text value TX (at 0 2.05) (layer F.Fab)
      (effects (font (size 1 1) (thickness 0.15)))
    )
    (fp_line (start 1.5 1.5) (end -1.5 1.5) (layer F.CrtYd) (width 0.05))
    (fp_line (start 1.5 1.5) (end 1.5 -1.5) (layer F.CrtYd) (width 0.05))
    (fp_line (start -1.5 -1.5) (end -1.5 1.5) (layer F.CrtYd) (width 0.05))
    (fp_line (start -1.5 -1.5) (end 1.5 -1.5) (layer F.CrtYd) (width 0.05))
    (fp_line (start -1.2 1.2) (end -1.2 -1.2) (layer F.SilkS) (width 0.12))
    (fp_line (start 1.2 1.2) (end -1.2 1.2) (layer F.SilkS) (width 0.12))
    (fp_line (start 1.2 -1.2) (end 1.2 1.2) (layer F.SilkS) (width 0.12))
    (fp_line (start -1.2 -1.2) (end 1.2 -1.2) (layer F.SilkS) (width 0.12))
    (fp_text user %R (at 0 -2) (layer F.Fab)
      (effects (font (size 1 1) (thickness 0.15)))
    )
    (pad 1 thru_hole rect (at 0 0) (size 2 2) (drill 1) (layers *.Cu *.Mask)
      (net 46 /UART_TX))
  )

  (module TestPoint:TestPoint_THTPad_2.0x2.0mm_Drill1.0mm (layer F.Cu) (tedit 5A0F774F) (tstamp 5CAD08D2)
    (at 70 94.6)
    (descr "THT rectangular pad as test Point, square 2.0mm_Drill1.0mm  side length, hole diameter 1.0mm")
    (tags "test point THT pad rectangle square")
    (path /5898FC9E)
    (attr virtual)
    (fp_text reference W2 (at 0 -1.998) (layer F.SilkS)
      (effects (font (size 1 1) (thickness 0.15)))
    )
    (fp_text value RX (at 0 2.05) (layer F.Fab)
      (effects (font (size 1 1) (thickness 0.15)))
    )
    (fp_text user %R (at 0 -2) (layer F.Fab)
      (effects (font (size 1 1) (thickness 0.15)))
    )
    (fp_line (start -1.2 -1.2) (end 1.2 -1.2) (layer F.SilkS) (width 0.12))
    (fp_line (start 1.2 -1.2) (end 1.2 1.2) (layer F.SilkS) (width 0.12))
    (fp_line (start 1.2 1.2) (end -1.2 1.2) (layer F.SilkS) (width 0.12))
    (fp_line (start -1.2 1.2) (end -1.2 -1.2) (layer F.SilkS) (width 0.12))
    (fp_line (start -1.5 -1.5) (end 1.5 -1.5) (layer F.CrtYd) (width 0.05))
    (fp_line (start -1.5 -1.5) (end -1.5 1.5) (layer F.CrtYd) (width 0.05))
    (fp_line (start 1.5 1.5) (end 1.5 -1.5) (layer F.CrtYd) (width 0.05))
    (fp_line (start 1.5 1.5) (end -1.5 1.5) (layer F.CrtYd) (width 0.05))
    (pad 1 thru_hole rect (at 0 0) (size 2 2) (drill 1) (layers *.Cu *.Mask)
      (net 59 /UART_RX))
  )

  (module athir:DX07S024JJ (layer F.Cu) (tedit 5C93F134) (tstamp 5CAD087F)
    (at 91 65 180)
    (path /5C960B62)
    (fp_text reference J3 (at -6.5 -7 180) (layer F.SilkS)
      (effects (font (size 1 1) (thickness 0.15)))
    )
    (fp_text value USB_C_Receptacle (at -6.45 -2.05 270) (layer F.Fab)
      (effects (font (size 1 1) (thickness 0.15)))
    )
    (fp_line (start 5 1.95) (end -5.2 1.95) (layer F.Fab) (width 0.15))
    (fp_line (start 4.5 2.7) (end 4.5 -6.25) (layer F.Fab) (width 0.15))
    (fp_line (start -4.5 -6.25) (end 4.5 -6.25) (layer F.Fab) (width 0.15))
    (fp_line (start -4.5 2.7) (end -4.5 -6.25) (layer F.Fab) (width 0.15))
    (fp_text user "PCB EDGE" (at 0.05 2.9 180) (layer F.Fab)
      (effects (font (size 1 1) (thickness 0.15)))
    )
    (pad "" np_thru_hole oval (at 4.32 0 180) (size 1.3 2.6) (drill oval 0.7 2.2) (layers *.Cu *.Mask))
    (pad "" np_thru_hole oval (at -4.32 0 180) (size 1.3 2.6) (drill oval 0.7 2.2) (layers *.Cu *.Mask))
    (pad "" np_thru_hole circle (at -3.6 -3.05 180) (size 0.6 0.6) (drill 0.6) (layers *.Cu *.Mask))
    (pad "" np_thru_hole oval (at 3.6 -3.115 180) (size 0.85 0.5) (drill oval 0.85 0.5) (layers *.Cu *.Mask))
    (pad "" np_thru_hole oval (at -4.32 -5.05 180) (size 1.2 2.3) (drill oval 0.6 2) (layers *.Cu *.Mask))
    (pad "" np_thru_hole oval (at -4 -4.4 180) (size 1.35 1.1) (drill oval 1.25 0.7) (layers *.Cu *.Mask))
    (pad A1 smd rect (at -2.625 -5.75 180) (size 0.27 0.9) (layers F.Cu F.Paste F.Mask)
      (net 4 GND))
    (pad A2 smd rect (at -2.125 -5.75 180) (size 0.27 0.9) (layers F.Cu F.Paste F.Mask)
      (net 114 "Net-(J3-PadA2)"))
    (pad A3 smd rect (at -1.625 -5.75 180) (size 0.27 0.9) (layers F.Cu F.Paste F.Mask)
      (net 115 "Net-(J3-PadA3)"))
    (pad A5 smd rect (at -0.625 -5.75 180) (size 0.27 0.9) (layers F.Cu F.Paste F.Mask)
      (net 116 "Net-(J3-PadA5)"))
    (pad A4 smd rect (at -1.125 -5.75 180) (size 0.27 0.9) (layers F.Cu F.Paste F.Mask)
      (net 117 "Net-(C55-Pad1)"))
    (pad A6 smd rect (at -0.125 -5.75 180) (size 0.27 0.9) (layers F.Cu F.Paste F.Mask)
      (net 113 /USB_D+))
    (pad A8 smd rect (at 0.875 -5.75 180) (size 0.27 0.9) (layers F.Cu F.Paste F.Mask)
      (net 118 "Net-(J3-PadA8)"))
    (pad A7 smd rect (at 0.375 -5.75 180) (size 0.27 0.9) (layers F.Cu F.Paste F.Mask)
      (net 112 /USB_D-))
    (pad A11 smd rect (at 2.375 -5.75 180) (size 0.27 0.9) (layers F.Cu F.Paste F.Mask)
      (net 119 "Net-(J3-PadA11)"))
    (pad A9 smd rect (at 1.375 -5.75 180) (size 0.27 0.9) (layers F.Cu F.Paste F.Mask)
      (net 117 "Net-(C55-Pad1)"))
    (pad A12 smd rect (at 2.875 -5.75 180) (size 0.27 0.9) (layers F.Cu F.Paste F.Mask)
      (net 4 GND))
    (pad A10 smd rect (at 1.875 -5.75 180) (size 0.27 0.9) (layers F.Cu F.Paste F.Mask)
      (net 120 "Net-(J3-PadA10)"))
    (pad B12 smd rect (at -2.875 -4.15 180) (size 0.27 0.8) (layers F.Cu F.Paste F.Mask)
      (net 4 GND))
    (pad B11 smd rect (at -2.375 -4.15 180) (size 0.27 0.8) (layers F.Cu F.Paste F.Mask)
      (net 121 "Net-(J3-PadB11)"))
    (pad B9 smd rect (at -1.375 -4.15 180) (size 0.27 0.8) (layers F.Cu F.Paste F.Mask)
      (net 117 "Net-(C55-Pad1)"))
    (pad B10 smd rect (at -1.875 -4.15 180) (size 0.27 0.8) (layers F.Cu F.Paste F.Mask)
      (net 122 "Net-(J3-PadB10)"))
    (pad B5 smd rect (at 0.635 -4.15 180) (size 0.27 0.8) (layers F.Cu F.Paste F.Mask)
      (net 123 "Net-(J3-PadB5)"))
    (pad B7 smd rect (at -0.375 -4.15 180) (size 0.27 0.8) (layers F.Cu F.Paste F.Mask)
      (net 112 /USB_D-))
    (pad B8 smd rect (at -0.875 -4.15 180) (size 0.27 0.8) (layers F.Cu F.Paste F.Mask)
      (net 124 "Net-(J3-PadB8)"))
    (pad B6 smd rect (at 0.135 -4.15 180) (size 0.27 0.8) (layers F.Cu F.Paste F.Mask)
      (net 113 /USB_D+))
    (pad B1 smd rect (at 2.635 -4.15 180) (size 0.27 0.8) (layers F.Cu F.Paste F.Mask)
      (net 4 GND))
    (pad B3 smd rect (at 1.635 -4.15 180) (size 0.27 0.8) (layers F.Cu F.Paste F.Mask)
      (net 125 "Net-(J3-PadB3)"))
    (pad B4 smd rect (at 1.135 -4.15 180) (size 0.27 0.8) (layers F.Cu F.Paste F.Mask)
      (net 117 "Net-(C55-Pad1)"))
    (pad B2 smd rect (at 2.135 -4.15 180) (size 0.27 0.8) (layers F.Cu F.Paste F.Mask)
      (net 126 "Net-(J3-PadB2)"))
    (pad "" np_thru_hole oval (at 4 -4.4 180) (size 1.35 1.1) (drill oval 1.25 0.7) (layers *.Cu *.Mask))
    (pad "" np_thru_hole oval (at 4.32 -5.05 180) (size 1.2 2.3) (drill oval 0.6 2) (layers *.Cu *.Mask))
    (model ${ATHIR}/test.x3d
      (at (xyz 0 0 0))
      (scale (xyz 1 1 1))
      (rotate (xyz 0 0 0))
    )
  )

  (module Capacitor_SMD:C_0603_1608Metric (layer F.Cu) (tedit 5B301BBE) (tstamp 5C91111F)
    (at 76 99.3)
    (descr "Capacitor SMD 0603 (1608 Metric), square (rectangular) end terminal, IPC_7351 nominal, (Body size source: http://www.tortai-tech.com/upload/download/2011102023233369053.pdf), generated with kicad-footprint-generator")
    (tags capacitor)
    (path /588944E7)
    (attr smd)
    (fp_text reference C1 (at -2.4 0) (layer F.SilkS)
      (effects (font (size 1 1) (thickness 0.15)))
    )
    (fp_text value 15pF (at 0 1.43) (layer F.Fab)
      (effects (font (size 1 1) (thickness 0.15)))
    )
    (fp_text user %R (at 0 0) (layer F.Fab)
      (effects (font (size 0.4 0.4) (thickness 0.06)))
    )
    (fp_line (start 1.48 0.73) (end -1.48 0.73) (layer F.CrtYd) (width 0.05))
    (fp_line (start 1.48 -0.73) (end 1.48 0.73) (layer F.CrtYd) (width 0.05))
    (fp_line (start -1.48 -0.73) (end 1.48 -0.73) (layer F.CrtYd) (width 0.05))
    (fp_line (start -1.48 0.73) (end -1.48 -0.73) (layer F.CrtYd) (width 0.05))
    (fp_line (start -0.162779 0.51) (end 0.162779 0.51) (layer F.SilkS) (width 0.12))
    (fp_line (start -0.162779 -0.51) (end 0.162779 -0.51) (layer F.SilkS) (width 0.12))
    (fp_line (start 0.8 0.4) (end -0.8 0.4) (layer F.Fab) (width 0.1))
    (fp_line (start 0.8 -0.4) (end 0.8 0.4) (layer F.Fab) (width 0.1))
    (fp_line (start -0.8 -0.4) (end 0.8 -0.4) (layer F.Fab) (width 0.1))
    (fp_line (start -0.8 0.4) (end -0.8 -0.4) (layer F.Fab) (width 0.1))
    (pad 2 smd roundrect (at 0.7875 0) (size 0.875 0.95) (layers F.Cu F.Paste F.Mask) (roundrect_rratio 0.25)
      (net 4 GND))
    (pad 1 smd roundrect (at -0.7875 0) (size 0.875 0.95) (layers F.Cu F.Paste F.Mask) (roundrect_rratio 0.25)
      (net 53 "Net-(C1-Pad1)"))
    (model ${KISYS3DMOD}/Capacitor_SMD.3dshapes/C_0603_1608Metric.wrl
      (at (xyz 0 0 0))
      (scale (xyz 1 1 1))
      (rotate (xyz 0 0 0))
    )
  )

  (module Capacitor_SMD:C_0603_1608Metric (layer F.Cu) (tedit 5B301BBE) (tstamp 5C91110F)
    (at 135.315 77.8)
    (descr "Capacitor SMD 0603 (1608 Metric), square (rectangular) end terminal, IPC_7351 nominal, (Body size source: http://www.tortai-tech.com/upload/download/2011102023233369053.pdf), generated with kicad-footprint-generator")
    (tags capacitor)
    (path /5C4FD13D/5A1E5B68)
    (attr smd)
    (fp_text reference C62 (at 2.185 0 90) (layer F.SilkS)
      (effects (font (size 1 1) (thickness 0.15)))
    )
    (fp_text value 0.8nF (at 0 1.43) (layer F.Fab)
      (effects (font (size 1 1) (thickness 0.15)))
    )
    (fp_line (start -0.8 0.4) (end -0.8 -0.4) (layer F.Fab) (width 0.1))
    (fp_line (start -0.8 -0.4) (end 0.8 -0.4) (layer F.Fab) (width 0.1))
    (fp_line (start 0.8 -0.4) (end 0.8 0.4) (layer F.Fab) (width 0.1))
    (fp_line (start 0.8 0.4) (end -0.8 0.4) (layer F.Fab) (width 0.1))
    (fp_line (start -0.162779 -0.51) (end 0.162779 -0.51) (layer F.SilkS) (width 0.12))
    (fp_line (start -0.162779 0.51) (end 0.162779 0.51) (layer F.SilkS) (width 0.12))
    (fp_line (start -1.48 0.73) (end -1.48 -0.73) (layer F.CrtYd) (width 0.05))
    (fp_line (start -1.48 -0.73) (end 1.48 -0.73) (layer F.CrtYd) (width 0.05))
    (fp_line (start 1.48 -0.73) (end 1.48 0.73) (layer F.CrtYd) (width 0.05))
    (fp_line (start 1.48 0.73) (end -1.48 0.73) (layer F.CrtYd) (width 0.05))
    (fp_text user %R (at 0 0) (layer F.Fab)
      (effects (font (size 0.4 0.4) (thickness 0.06)))
    )
    (pad 1 smd roundrect (at -0.7875 0) (size 0.875 0.95) (layers F.Cu F.Paste F.Mask) (roundrect_rratio 0.25)
      (net 38 "/Tayoe Mixer sheet/I_OUT"))
    (pad 2 smd roundrect (at 0.7875 0) (size 0.875 0.95) (layers F.Cu F.Paste F.Mask) (roundrect_rratio 0.25)
      (net 39 "/Tayoe Mixer sheet/180_deg"))
    (model ${KISYS3DMOD}/Capacitor_SMD.3dshapes/C_0603_1608Metric.wrl
      (at (xyz 0 0 0))
      (scale (xyz 1 1 1))
      (rotate (xyz 0 0 0))
    )
  )

  (module Capacitor_SMD:C_0603_1608Metric (layer F.Cu) (tedit 5B301BBE) (tstamp 5C9110FF)
    (at 135.3 79.25)
    (descr "Capacitor SMD 0603 (1608 Metric), square (rectangular) end terminal, IPC_7351 nominal, (Body size source: http://www.tortai-tech.com/upload/download/2011102023233369053.pdf), generated with kicad-footprint-generator")
    (tags capacitor)
    (path /5C4FD13D/5A1951E3)
    (attr smd)
    (fp_text reference C61 (at -2.1 -0.05 90) (layer F.SilkS)
      (effects (font (size 1 1) (thickness 0.15)))
    )
    (fp_text value 0.8nF (at 0 1.43) (layer F.Fab)
      (effects (font (size 1 1) (thickness 0.15)))
    )
    (fp_text user %R (at 0 0) (layer F.Fab)
      (effects (font (size 0.4 0.4) (thickness 0.06)))
    )
    (fp_line (start 1.48 0.73) (end -1.48 0.73) (layer F.CrtYd) (width 0.05))
    (fp_line (start 1.48 -0.73) (end 1.48 0.73) (layer F.CrtYd) (width 0.05))
    (fp_line (start -1.48 -0.73) (end 1.48 -0.73) (layer F.CrtYd) (width 0.05))
    (fp_line (start -1.48 0.73) (end -1.48 -0.73) (layer F.CrtYd) (width 0.05))
    (fp_line (start -0.162779 0.51) (end 0.162779 0.51) (layer F.SilkS) (width 0.12))
    (fp_line (start -0.162779 -0.51) (end 0.162779 -0.51) (layer F.SilkS) (width 0.12))
    (fp_line (start 0.8 0.4) (end -0.8 0.4) (layer F.Fab) (width 0.1))
    (fp_line (start 0.8 -0.4) (end 0.8 0.4) (layer F.Fab) (width 0.1))
    (fp_line (start -0.8 -0.4) (end 0.8 -0.4) (layer F.Fab) (width 0.1))
    (fp_line (start -0.8 0.4) (end -0.8 -0.4) (layer F.Fab) (width 0.1))
    (pad 2 smd roundrect (at 0.7875 0) (size 0.875 0.95) (layers F.Cu F.Paste F.Mask) (roundrect_rratio 0.25)
      (net 39 "/Tayoe Mixer sheet/180_deg"))
    (pad 1 smd roundrect (at -0.7875 0) (size 0.875 0.95) (layers F.Cu F.Paste F.Mask) (roundrect_rratio 0.25)
      (net 38 "/Tayoe Mixer sheet/I_OUT"))
    (model ${KISYS3DMOD}/Capacitor_SMD.3dshapes/C_0603_1608Metric.wrl
      (at (xyz 0 0 0))
      (scale (xyz 1 1 1))
      (rotate (xyz 0 0 0))
    )
  )

  (module Capacitor_SMD:C_0603_1608Metric (layer F.Cu) (tedit 5B301BBE) (tstamp 5C9110EF)
    (at 141.75 98.75 180)
    (descr "Capacitor SMD 0603 (1608 Metric), square (rectangular) end terminal, IPC_7351 nominal, (Body size source: http://www.tortai-tech.com/upload/download/2011102023233369053.pdf), generated with kicad-footprint-generator")
    (tags capacitor)
    (path /5C4FD13D/5A383CC9)
    (attr smd)
    (fp_text reference C59 (at 3.3 -0.05 180) (layer F.SilkS)
      (effects (font (size 1 1) (thickness 0.15)))
    )
    (fp_text value 10nF (at 0 1.43 180) (layer F.Fab)
      (effects (font (size 1 1) (thickness 0.15)))
    )
    (fp_line (start -0.8 0.4) (end -0.8 -0.4) (layer F.Fab) (width 0.1))
    (fp_line (start -0.8 -0.4) (end 0.8 -0.4) (layer F.Fab) (width 0.1))
    (fp_line (start 0.8 -0.4) (end 0.8 0.4) (layer F.Fab) (width 0.1))
    (fp_line (start 0.8 0.4) (end -0.8 0.4) (layer F.Fab) (width 0.1))
    (fp_line (start -0.162779 -0.51) (end 0.162779 -0.51) (layer F.SilkS) (width 0.12))
    (fp_line (start -0.162779 0.51) (end 0.162779 0.51) (layer F.SilkS) (width 0.12))
    (fp_line (start -1.48 0.73) (end -1.48 -0.73) (layer F.CrtYd) (width 0.05))
    (fp_line (start -1.48 -0.73) (end 1.48 -0.73) (layer F.CrtYd) (width 0.05))
    (fp_line (start 1.48 -0.73) (end 1.48 0.73) (layer F.CrtYd) (width 0.05))
    (fp_line (start 1.48 0.73) (end -1.48 0.73) (layer F.CrtYd) (width 0.05))
    (fp_text user %R (at 0 0 180) (layer F.Fab)
      (effects (font (size 0.4 0.4) (thickness 0.06)))
    )
    (pad 1 smd roundrect (at -0.7875 0 180) (size 0.875 0.95) (layers F.Cu F.Paste F.Mask) (roundrect_rratio 0.25)
      (net 107 +3V3))
    (pad 2 smd roundrect (at 0.7875 0 180) (size 0.875 0.95) (layers F.Cu F.Paste F.Mask) (roundrect_rratio 0.25)
      (net 4 GND))
    (model ${KISYS3DMOD}/Capacitor_SMD.3dshapes/C_0603_1608Metric.wrl
      (at (xyz 0 0 0))
      (scale (xyz 1 1 1))
      (rotate (xyz 0 0 0))
    )
  )

  (module Capacitor_SMD:C_0603_1608Metric (layer F.Cu) (tedit 5B301BBE) (tstamp 5C9110DF)
    (at 152.5 81.25 180)
    (descr "Capacitor SMD 0603 (1608 Metric), square (rectangular) end terminal, IPC_7351 nominal, (Body size source: http://www.tortai-tech.com/upload/download/2011102023233369053.pdf), generated with kicad-footprint-generator")
    (tags capacitor)
    (path /5C4FD13D/5A2AE7F1)
    (attr smd)
    (fp_text reference C57 (at -2.95 0 180) (layer F.SilkS)
      (effects (font (size 1 1) (thickness 0.15)))
    )
    (fp_text value 10nF (at 0 1.43 180) (layer F.Fab)
      (effects (font (size 1 1) (thickness 0.15)))
    )
    (fp_text user %R (at 0 0 180) (layer F.Fab)
      (effects (font (size 0.4 0.4) (thickness 0.06)))
    )
    (fp_line (start 1.48 0.73) (end -1.48 0.73) (layer F.CrtYd) (width 0.05))
    (fp_line (start 1.48 -0.73) (end 1.48 0.73) (layer F.CrtYd) (width 0.05))
    (fp_line (start -1.48 -0.73) (end 1.48 -0.73) (layer F.CrtYd) (width 0.05))
    (fp_line (start -1.48 0.73) (end -1.48 -0.73) (layer F.CrtYd) (width 0.05))
    (fp_line (start -0.162779 0.51) (end 0.162779 0.51) (layer F.SilkS) (width 0.12))
    (fp_line (start -0.162779 -0.51) (end 0.162779 -0.51) (layer F.SilkS) (width 0.12))
    (fp_line (start 0.8 0.4) (end -0.8 0.4) (layer F.Fab) (width 0.1))
    (fp_line (start 0.8 -0.4) (end 0.8 0.4) (layer F.Fab) (width 0.1))
    (fp_line (start -0.8 -0.4) (end 0.8 -0.4) (layer F.Fab) (width 0.1))
    (fp_line (start -0.8 0.4) (end -0.8 -0.4) (layer F.Fab) (width 0.1))
    (pad 2 smd roundrect (at 0.7875 0 180) (size 0.875 0.95) (layers F.Cu F.Paste F.Mask) (roundrect_rratio 0.25)
      (net 4 GND))
    (pad 1 smd roundrect (at -0.7875 0 180) (size 0.875 0.95) (layers F.Cu F.Paste F.Mask) (roundrect_rratio 0.25)
      (net 1 "/Tayoe Mixer sheet/DC_BIAS"))
    (model ${KISYS3DMOD}/Capacitor_SMD.3dshapes/C_0603_1608Metric.wrl
      (at (xyz 0 0 0))
      (scale (xyz 1 1 1))
      (rotate (xyz 0 0 0))
    )
  )

  (module Capacitor_SMD:C_0603_1608Metric (layer F.Cu) (tedit 5B301BBE) (tstamp 5C9110CF)
    (at 152.5 82.8 180)
    (descr "Capacitor SMD 0603 (1608 Metric), square (rectangular) end terminal, IPC_7351 nominal, (Body size source: http://www.tortai-tech.com/upload/download/2011102023233369053.pdf), generated with kicad-footprint-generator")
    (tags capacitor)
    (path /5C4FD13D/58E6B4EC)
    (attr smd)
    (fp_text reference C56 (at -2.95 0 180) (layer F.SilkS)
      (effects (font (size 1 1) (thickness 0.15)))
    )
    (fp_text value 10uF (at 0 1.43 180) (layer F.Fab)
      (effects (font (size 1 1) (thickness 0.15)))
    )
    (fp_line (start -0.8 0.4) (end -0.8 -0.4) (layer F.Fab) (width 0.1))
    (fp_line (start -0.8 -0.4) (end 0.8 -0.4) (layer F.Fab) (width 0.1))
    (fp_line (start 0.8 -0.4) (end 0.8 0.4) (layer F.Fab) (width 0.1))
    (fp_line (start 0.8 0.4) (end -0.8 0.4) (layer F.Fab) (width 0.1))
    (fp_line (start -0.162779 -0.51) (end 0.162779 -0.51) (layer F.SilkS) (width 0.12))
    (fp_line (start -0.162779 0.51) (end 0.162779 0.51) (layer F.SilkS) (width 0.12))
    (fp_line (start -1.48 0.73) (end -1.48 -0.73) (layer F.CrtYd) (width 0.05))
    (fp_line (start -1.48 -0.73) (end 1.48 -0.73) (layer F.CrtYd) (width 0.05))
    (fp_line (start 1.48 -0.73) (end 1.48 0.73) (layer F.CrtYd) (width 0.05))
    (fp_line (start 1.48 0.73) (end -1.48 0.73) (layer F.CrtYd) (width 0.05))
    (fp_text user %R (at 0 0 180) (layer F.Fab)
      (effects (font (size 0.4 0.4) (thickness 0.06)))
    )
    (pad 1 smd roundrect (at -0.7875 0 180) (size 0.875 0.95) (layers F.Cu F.Paste F.Mask) (roundrect_rratio 0.25)
      (net 1 "/Tayoe Mixer sheet/DC_BIAS"))
    (pad 2 smd roundrect (at 0.7875 0 180) (size 0.875 0.95) (layers F.Cu F.Paste F.Mask) (roundrect_rratio 0.25)
      (net 4 GND))
    (model ${KISYS3DMOD}/Capacitor_SMD.3dshapes/C_0603_1608Metric.wrl
      (at (xyz 0 0 0))
      (scale (xyz 1 1 1))
      (rotate (xyz 0 0 0))
    )
  )

  (module Capacitor_SMD:C_0603_1608Metric (layer F.Cu) (tedit 5B301BBE) (tstamp 5C9110BF)
    (at 115.115 91.15 180)
    (descr "Capacitor SMD 0603 (1608 Metric), square (rectangular) end terminal, IPC_7351 nominal, (Body size source: http://www.tortai-tech.com/upload/download/2011102023233369053.pdf), generated with kicad-footprint-generator")
    (tags capacitor)
    (path /588EEF9A/5C8BEAC6)
    (attr smd)
    (fp_text reference C54 (at 2.915 0.05 180) (layer F.SilkS)
      (effects (font (size 1 1) (thickness 0.15)))
    )
    (fp_text value 100nF (at 0 1.43 180) (layer F.Fab)
      (effects (font (size 1 1) (thickness 0.15)))
    )
    (fp_text user %R (at 0 0 180) (layer F.Fab)
      (effects (font (size 0.4 0.4) (thickness 0.06)))
    )
    (fp_line (start 1.48 0.73) (end -1.48 0.73) (layer F.CrtYd) (width 0.05))
    (fp_line (start 1.48 -0.73) (end 1.48 0.73) (layer F.CrtYd) (width 0.05))
    (fp_line (start -1.48 -0.73) (end 1.48 -0.73) (layer F.CrtYd) (width 0.05))
    (fp_line (start -1.48 0.73) (end -1.48 -0.73) (layer F.CrtYd) (width 0.05))
    (fp_line (start -0.162779 0.51) (end 0.162779 0.51) (layer F.SilkS) (width 0.12))
    (fp_line (start -0.162779 -0.51) (end 0.162779 -0.51) (layer F.SilkS) (width 0.12))
    (fp_line (start 0.8 0.4) (end -0.8 0.4) (layer F.Fab) (width 0.1))
    (fp_line (start 0.8 -0.4) (end 0.8 0.4) (layer F.Fab) (width 0.1))
    (fp_line (start -0.8 -0.4) (end 0.8 -0.4) (layer F.Fab) (width 0.1))
    (fp_line (start -0.8 0.4) (end -0.8 -0.4) (layer F.Fab) (width 0.1))
    (pad 2 smd roundrect (at 0.7875 0 180) (size 0.875 0.95) (layers F.Cu F.Paste F.Mask) (roundrect_rratio 0.25)
      (net 17 VAA))
    (pad 1 smd roundrect (at -0.7875 0 180) (size 0.875 0.95) (layers F.Cu F.Paste F.Mask) (roundrect_rratio 0.25)
      (net 4 GND))
    (model ${KISYS3DMOD}/Capacitor_SMD.3dshapes/C_0603_1608Metric.wrl
      (at (xyz 0 0 0))
      (scale (xyz 1 1 1))
      (rotate (xyz 0 0 0))
    )
  )

  (module Capacitor_SMD:C_0603_1608Metric (layer F.Cu) (tedit 5B301BBE) (tstamp 5C9110AF)
    (at 139.5 84.5 180)
    (descr "Capacitor SMD 0603 (1608 Metric), square (rectangular) end terminal, IPC_7351 nominal, (Body size source: http://www.tortai-tech.com/upload/download/2011102023233369053.pdf), generated with kicad-footprint-generator")
    (tags capacitor)
    (path /5C4FD13D/5894A98D)
    (attr smd)
    (fp_text reference C53 (at 0 -1.43 180) (layer F.SilkS)
      (effects (font (size 1 1) (thickness 0.15)))
    )
    (fp_text value 0.1uF (at 0 1.43 180) (layer F.Fab)
      (effects (font (size 1 1) (thickness 0.15)))
    )
    (fp_line (start -0.8 0.4) (end -0.8 -0.4) (layer F.Fab) (width 0.1))
    (fp_line (start -0.8 -0.4) (end 0.8 -0.4) (layer F.Fab) (width 0.1))
    (fp_line (start 0.8 -0.4) (end 0.8 0.4) (layer F.Fab) (width 0.1))
    (fp_line (start 0.8 0.4) (end -0.8 0.4) (layer F.Fab) (width 0.1))
    (fp_line (start -0.162779 -0.51) (end 0.162779 -0.51) (layer F.SilkS) (width 0.12))
    (fp_line (start -0.162779 0.51) (end 0.162779 0.51) (layer F.SilkS) (width 0.12))
    (fp_line (start -1.48 0.73) (end -1.48 -0.73) (layer F.CrtYd) (width 0.05))
    (fp_line (start -1.48 -0.73) (end 1.48 -0.73) (layer F.CrtYd) (width 0.05))
    (fp_line (start 1.48 -0.73) (end 1.48 0.73) (layer F.CrtYd) (width 0.05))
    (fp_line (start 1.48 0.73) (end -1.48 0.73) (layer F.CrtYd) (width 0.05))
    (fp_text user %R (at 0 0 180) (layer F.Fab)
      (effects (font (size 0.4 0.4) (thickness 0.06)))
    )
    (pad 1 smd roundrect (at -0.7875 0 180) (size 0.875 0.95) (layers F.Cu F.Paste F.Mask) (roundrect_rratio 0.25)
      (net 107 +3V3))
    (pad 2 smd roundrect (at 0.7875 0 180) (size 0.875 0.95) (layers F.Cu F.Paste F.Mask) (roundrect_rratio 0.25)
      (net 4 GND))
    (model ${KISYS3DMOD}/Capacitor_SMD.3dshapes/C_0603_1608Metric.wrl
      (at (xyz 0 0 0))
      (scale (xyz 1 1 1))
      (rotate (xyz 0 0 0))
    )
  )

  (module Capacitor_SMD:C_0603_1608Metric (layer F.Cu) (tedit 5B301BBE) (tstamp 5C91109F)
    (at 144.25 88.2)
    (descr "Capacitor SMD 0603 (1608 Metric), square (rectangular) end terminal, IPC_7351 nominal, (Body size source: http://www.tortai-tech.com/upload/download/2011102023233369053.pdf), generated with kicad-footprint-generator")
    (tags capacitor)
    (path /5C4FD13D/5A1B0BF2)
    (attr smd)
    (fp_text reference C51 (at 1.15 1.5) (layer F.SilkS)
      (effects (font (size 1 1) (thickness 0.15)))
    )
    (fp_text value 10nF (at 0 1.43) (layer F.Fab)
      (effects (font (size 1 1) (thickness 0.15)))
    )
    (fp_text user %R (at 0 0) (layer F.Fab)
      (effects (font (size 0.4 0.4) (thickness 0.06)))
    )
    (fp_line (start 1.48 0.73) (end -1.48 0.73) (layer F.CrtYd) (width 0.05))
    (fp_line (start 1.48 -0.73) (end 1.48 0.73) (layer F.CrtYd) (width 0.05))
    (fp_line (start -1.48 -0.73) (end 1.48 -0.73) (layer F.CrtYd) (width 0.05))
    (fp_line (start -1.48 0.73) (end -1.48 -0.73) (layer F.CrtYd) (width 0.05))
    (fp_line (start -0.162779 0.51) (end 0.162779 0.51) (layer F.SilkS) (width 0.12))
    (fp_line (start -0.162779 -0.51) (end 0.162779 -0.51) (layer F.SilkS) (width 0.12))
    (fp_line (start 0.8 0.4) (end -0.8 0.4) (layer F.Fab) (width 0.1))
    (fp_line (start 0.8 -0.4) (end 0.8 0.4) (layer F.Fab) (width 0.1))
    (fp_line (start -0.8 -0.4) (end 0.8 -0.4) (layer F.Fab) (width 0.1))
    (fp_line (start -0.8 0.4) (end -0.8 -0.4) (layer F.Fab) (width 0.1))
    (pad 2 smd roundrect (at 0.7875 0) (size 0.875 0.95) (layers F.Cu F.Paste F.Mask) (roundrect_rratio 0.25)
      (net 5 "/Tayoe Mixer sheet/RF_BUFFERED"))
    (pad 1 smd roundrect (at -0.7875 0) (size 0.875 0.95) (layers F.Cu F.Paste F.Mask) (roundrect_rratio 0.25)
      (net 37 "Net-(C51-Pad1)"))
    (model ${KISYS3DMOD}/Capacitor_SMD.3dshapes/C_0603_1608Metric.wrl
      (at (xyz 0 0 0))
      (scale (xyz 1 1 1))
      (rotate (xyz 0 0 0))
    )
  )

  (module Capacitor_SMD:C_0603_1608Metric (layer F.Cu) (tedit 5B301BBE) (tstamp 5C91108F)
    (at 95.85 96.5 270)
    (descr "Capacitor SMD 0603 (1608 Metric), square (rectangular) end terminal, IPC_7351 nominal, (Body size source: http://www.tortai-tech.com/upload/download/2011102023233369053.pdf), generated with kicad-footprint-generator")
    (tags capacitor)
    (path /5C517D7D/5C51827A)
    (attr smd)
    (fp_text reference C82 (at 3.4 0.1 270) (layer F.SilkS)
      (effects (font (size 1 1) (thickness 0.15)))
    )
    (fp_text value 100nF (at 0 1.43 270) (layer F.Fab)
      (effects (font (size 1 1) (thickness 0.15)))
    )
